[gd_scene load_steps=5 format=3 uid="uid://cfgq1a34vdq5h"]

[ext_resource type="PackedScene" uid="uid://dcviwd2keusi8" path="res://copstuff/CopTest.fbx" id="1_qq3k1"]
[ext_resource type="Script" path="res://copstuff/Cop.gd" id="2_i03c8"]
[ext_resource type="AudioStream" uid="uid://btxe0e2qnms68" path="res://Sound/HornBlare.wav" id="3_2x306"]

[sub_resource type="BoxShape3D" id="BoxShape3D_763wb"]
size = Vector3(0.0932617, 0.0742188, 0.0708008)

[node name="Root Scene" instance=ExtResource("1_qq3k1")]
transform = Transform3D(25, 0, 0, 0, 25, 0, 0, 0, 25, 0, 0, 0)

[node name="Skeleton3D" parent="RootNode" index="1"]
bones/0/position = Vector3(0.00400826, 0.0182069, 0.00931342)
bones/1/rotation = Quaternion(0.999662, 0.0157174, 0.00398938, -0.0203386)
bones/2/rotation = Quaternion(-0.00838024, -0.00114673, 0.00511116, 0.999951)
bones/5/rotation = Quaternion(-0.393143, -0.051048, 0.132418, 0.908459)
bones/6/rotation = Quaternion(0.355458, -0.00435946, -0.209655, 0.910865)
bones/9/position = Vector3(-0.000599335, 0.0054904, 2.70057e-05)
bones/9/rotation = Quaternion(1.45519e-10, -9.16771e-10, 0.0798863, 0.996804)
bones/19/position = Vector3(0.00731403, 0.00334115, -0.000832287)
bones/19/rotation = Quaternion(0.0512547, -0.0159335, -0.155353, 0.9864)
bones/22/rotation = Quaternion(-0.336464, -0.395148, 0.131136, 0.844662)
bones/25/rotation = Quaternion(-0.28212, -0.127613, 0.0723475, 0.948098)
bones/28/rotation = Quaternion(-0.462575, -0.0621715, -0.0727207, 0.881403)
bones/31/rotation = Quaternion(-0.539401, -0.178923, -0.351275, 0.744069)
bones/34/position = Vector3(-0.00722556, 0.00259025, -0.00116147)
bones/34/rotation = Quaternion(0.888579, 0.112263, 0.0794778, -0.437615)
bones/37/rotation = Quaternion(0.303775, 0.0644426, 0.039913, 0.949724)
bones/40/rotation = Quaternion(-0.432226, -0.65932, -0.367519, 0.493364)
bones/43/rotation = Quaternion(-0.508817, -0.407154, -0.155102, 0.742479)
bones/46/rotation = Quaternion(-0.410745, -0.486107, -0.201082, 0.744684)
script = ExtResource("2_i03c8")
movement_speed = null
movement_target_position = null

[node name="polySurface7" parent="RootNode/Skeleton3D" index="0"]
transform = Transform3D(0.987236, -0.159262, -1.80443e-09, 0.159262, 0.987236, -4.36583e-10, 1.85093e-09, 1.43633e-10, 1, 0.00552622, -0.0140378, 1.88872e-06)

[node name="polySurface8" parent="RootNode/Skeleton3D" index="1"]
transform = Transform3D(0.987236, -0.159262, -1.80443e-09, 0.159262, 0.987236, -4.36583e-10, 1.85093e-09, 1.43633e-10, 1, 0.00552622, -0.0140378, 1.88872e-06)

[node name="polySurface3" parent="RootNode/Skeleton3D" index="2"]
transform = Transform3D(0.987236, -0.159262, -1.80443e-09, 0.159262, 0.987236, -4.36583e-10, 1.85093e-09, 1.43633e-10, 1, 0.00534421, -0.0140671, 4.92744e-05)

[node name="polySurface4" parent="RootNode/Skeleton3D" index="3"]
transform = Transform3D(0.987236, -0.159262, -1.80443e-09, 0.159262, 0.987236, -4.36583e-10, 1.85093e-09, 1.43633e-10, 1, 0.00534421, -0.0140671, 4.92744e-05)

[node name="polySurface6" parent="RootNode/Skeleton3D" index="4"]
transform = Transform3D(0.987236, -0.159262, -1.80443e-09, 0.159262, 0.987236, -4.36583e-10, 1.85093e-09, 1.43633e-10, 1, 0.00552622, -0.0140378, -7.44341e-05)

[node name="polySurface2" parent="RootNode/Skeleton3D" index="5"]
transform = Transform3D(0.987236, -0.159262, -1.80443e-09, 0.159262, 0.987236, -4.36583e-10, 1.85093e-09, 1.43633e-10, 1, 0.00560681, -0.0137169, 0.00106172)

[node name="polySurface5" parent="RootNode/Skeleton3D" index="6"]
transform = Transform3D(0.987236, -0.159262, -1.80443e-09, 0.159262, 0.987236, -4.36583e-10, 1.85093e-09, 1.43633e-10, 1, 0.00552432, -0.0139482, 0.000285014)

[node name="ikHandle1" parent="RootNode" index="2"]
transform = Transform3D(1, 0, 0, 0, 1, 0, 0, 0, 1, -0.00504868, 0.00115866, 0.00987289)

[node name="ikHandle2" parent="RootNode" index="3"]
transform = Transform3D(1, 0, 0, 0, 1, 0, 0, 0, 1, 0.0124669, 0.00933247, 0.0175296)

[node name="ikHandle3" parent="RootNode" index="4"]
transform = Transform3D(0.725511, -0.321002, 0.608762, 0.674089, 0.153186, -0.722591, 0.1387, 0.934608, 0.327522, 0.0133923, 0.039498, 0.0180749)

[node name="ikHandle4" parent="RootNode" index="5"]
transform = Transform3D(-0.860516, 0.395512, 0.321063, 0.304847, -0.105146, 0.946579, 0.408142, 0.912422, -0.0300908, 0.0132505, 0.0417485, 0.0192344)

[node name="ikHandle5" parent="RootNode" index="6"]
transform = Transform3D(-0.519976, 0.351303, -0.778595, -0.0946311, 0.882208, 0.461252, 0.848923, 0.313519, -0.425483, 0.0149453, 0.0431341, 0.0180015)

[node name="ikHandle6" parent="RootNode" index="7"]
transform = Transform3D(0.695169, -0.708276, 0.122821, -0.00557351, -0.176165, -0.984345, 0.718825, 0.683601, -0.126412, 0.01655, 0.0430766, 0.0163901)

[node name="nurbsCircle1" parent="RootNode" index="8"]
transform = Transform3D(1, 0, 0, 0, 1, 0, 0, 0, 1, 0.00400763, 0.0182069, 0.00930521)

[node name="nurbsCircle19" parent="RootNode/nurbsCircle1/nurbsCircle16" index="0"]
transform = Transform3D(0.558428, 0, 0, 0, 1, 0, 0, 0, 0.755999, 0.00518531, -0.0419318, 0.0125007)

[node name="nurbsCircle18" parent="RootNode/nurbsCircle1/nurbsCircle17" index="0"]
transform = Transform3D(0.498489, 0, 0, 0, 1, 0, 0, 0, 0.759205, -0.00412674, -0.0550963, 0.00412481)

[node name="nurbsCircle2" parent="RootNode/nurbsCircle1" index="2"]
transform = Transform3D(0.987236, -0.159262, 0, 0.159262, 0.987236, 0, 0, 0, 1, -0.0005153, 0.00552686, 2.70057e-05)

[node name="nurbsCircle20" parent="RootNode/nurbsCircle1/nurbsCircle2/nurbsCircle3" index="0"]
transform = Transform3D(0.0352862, 0.346738, -0.0165244, -0.345676, 0.033579, -0.0335538, -0.0317536, 0.0197641, 0.34691, 0.00733719, 0.00327494, -0.00166353)

[node name="nurbsCircle6" parent="RootNode/nurbsCircle1/nurbsCircle2/nurbsCircle3" index="2"]
transform = Transform3D(0.0603616, -0.326406, -0.014283, 0.195561, 0.047731, -0.264322, 0.261726, 0.0396141, 0.200795, -0.00720608, 0.00311455, -0.00166353)

[node name="ikHandle7" parent="RootNode" index="9"]
transform = Transform3D(0.613315, 0.207954, 0.761971, 0.788227, -0.0995718, -0.607275, -0.0504147, 0.973057, -0.224984, -0.0181869, 0.026509, 0.0152862)

[node name="ikHandle8" parent="RootNode" index="10"]
transform = Transform3D(0.897236, 0.0304531, 0.440499, 0.420231, 0.247353, -0.873053, -0.135546, 0.968447, 0.209137, -0.0185759, 0.0274731, 0.0176537)

[node name="ikHandle9" parent="RootNode" index="11"]
transform = Transform3D(0.854001, -0.0526297, 0.517603, 0.516565, -0.0327643, -0.855621, 0.0619899, 0.998076, -0.00079408, -0.0173754, 0.0278672, 0.0183332)

[node name="ikHandle10" parent="RootNode" index="12"]
transform = Transform3D(0.853158, 0.215205, 0.475194, 0.511671, -0.522578, -0.681986, 0.101559, 0.824984, -0.555955, -0.0147853, 0.0282881, 0.016449)

[node name="CopNoise" type="AudioStreamPlayer3D" parent="." index="2"]
stream = ExtResource("3_2x306")
autoplay = true

[node name="NavigationAgent3D" type="NavigationAgent3D" parent="." index="3"]

[node name="Area3D" type="Area3D" parent="." index="4"]

[node name="CollisionShape3D" type="CollisionShape3D" parent="Area3D" index="0"]
transform = Transform3D(1, 0, 0, 0, 1, 0, 0, 0, 1, -0.00503139, 0.037845, 0.0563074)
shape = SubResource("BoxShape3D_763wb")

[connection signal="body_entered" from="Area3D" to="." method="_on_area_3d_body_entered"]
